8.623988227514417515e-01
9.058130979099371372e-01
9.028697572621112721e-01
8.999264166142854071e-01
9.080206034725601949e-01
9.116997792933073663e-01
9.094922738622619462e-01
9.087564385577631132e-01
9.102281089036056150e-01
9.220014717142049898e-01
9.146431199849923699e-01
9.087564387770590280e-01
9.028697572182521336e-01
9.080206034287009453e-01
9.153789552017728148e-01
8.918322295805739541e-01
9.161147904185532598e-01
9.168506255037561781e-01
9.050772627808750803e-01
9.080206033848418068e-01
9.109639440765268104e-01
9.131714496830090066e-01
9.190581311102383744e-01
9.050772627370159418e-01
9.036055924788918281e-01
9.028697572182521336e-01
9.153789551140544267e-01
9.183222958057395413e-01
9.168506255476153166e-01
9.220014716703458513e-01
8.844738778952204727e-01
9.153789552017728148e-01
9.175864606766774845e-01
9.021339220014716886e-01
9.190581310225199863e-01
9.080206035164193334e-01
9.102281090351831416e-01
9.109639440765268104e-01
9.021339220891900768e-01
9.072847682119205004e-01
9.116997793371665049e-01
9.278881531414343575e-01
9.131714497707273948e-01
9.124356145100878113e-01
9.197939662831596808e-01
9.050772628685934684e-01
9.183222958057395413e-01
9.131714496830090066e-01
9.131714496830090066e-01
9.146431200288516195e-01
9.087564386016222517e-01
9.131714495952906185e-01
9.109639441203860599e-01
9.227373068432671577e-01
9.190581310225199863e-01
9.124356144662285617e-01
9.249448124058901044e-01
9.021339220014716886e-01
9.131714496391498681e-01
9.205298014122217376e-01
9.161147903308348717e-01
9.175864606328182349e-01
9.175864606328182349e-01
9.175864606328182349e-01
9.028697572182521336e-01
9.131714496830090066e-01
9.183222958057395413e-01
9.139072848559303131e-01
9.153789551579136763e-01
9.212656365412837944e-01
9.190581310663791248e-01
9.212656366290021825e-01
9.139072848120710635e-01
9.168506255476153166e-01
9.190581310225199863e-01
9.264164827078734676e-01
9.124356144662285617e-01
9.116997792933073663e-01
9.124356144662285617e-01
9.146431200727107580e-01
9.161147904185532598e-01
9.161147904185532598e-01
9.183222958495986799e-01
9.124356144662285617e-01
9.109639441642451985e-01
9.205298013245033495e-01
9.220014717580642394e-01
9.072847682996388885e-01
9.021339220453308272e-01
9.205298013245033495e-01
9.242089771891096595e-01
9.153789552017728148e-01
9.094922737745435581e-01
9.080206034287009453e-01
9.139072848997894516e-01
9.124356144662285617e-01
9.065489330828584436e-01
9.183222958057395413e-01
9.065489331267176931e-01
9.153789551140544267e-01
