6.681383371221571998e-01
7.976453274905110913e-01
8.601913171888186938e-01
8.793230317286307995e-01
8.969830759664595421e-01
9.109639441203860599e-01
9.050772627370159418e-01
9.153789551579136763e-01
9.131714496391498681e-01
9.146431200288516195e-01
9.168506255037561781e-01
9.190581310225199863e-01
9.234731421477659907e-01
9.197939663270188193e-01
9.256806476226705493e-01
9.293598234434177208e-01
9.249448124497492429e-01
9.308314937892602225e-01
9.374540103016923975e-01
9.264164827517326062e-01
9.345106696538665325e-01
9.308314937892602225e-01
9.345106696977257821e-01
9.345106696538665325e-01
9.426048565121413203e-01
9.381898455623320920e-01
9.330389992641647812e-01
9.374540104771291738e-01
9.381898454746137039e-01
9.396615158204562057e-01
9.440765268579838221e-01
9.323031641351027243e-01
9.345106696538665325e-01
9.352465048267878389e-01
9.352465047829285893e-01
9.293598233995584712e-01
9.359823399558498958e-01
9.389256807352532874e-01
9.271523179246539126e-01
9.426048565121413203e-01
9.418690213830792635e-01
9.433406916850625157e-01
9.293598233995584712e-01
9.286239883143556639e-01
9.352465048267878389e-01
9.374540103016923975e-01
9.426048565998597084e-01
9.381898455184728425e-01
9.455481972038263239e-01
9.345106696977257821e-01
9.330389992641647812e-01
9.337748344370860876e-01
9.396615159081745938e-01
9.337748344809453371e-01
9.367181751287712022e-01
9.411331862540170956e-01
9.403973511249550388e-01
9.440765269018429606e-01
9.403973509933775121e-01
9.411331862101579571e-01
9.396615158643154553e-01
9.470198675935280752e-01
9.352465048267878389e-01
9.359823399997090343e-01
9.367181752603487288e-01
9.477557027225901320e-01
9.359823400874274224e-01
9.455481972915447120e-01
9.359823399997090343e-01
9.381898455623320920e-01
9.403973510372366507e-01
9.367181752603487288e-01
9.396615159520338434e-01
9.455481972038263239e-01
9.337748344370860876e-01
9.396615158643154553e-01
9.403973510810959002e-01
9.403973511249550388e-01
9.396615159520338434e-01
9.448123621186235166e-01
9.455481972915447120e-01
9.403973510372366507e-01
9.484915379393705770e-01
9.352465048706469775e-01
9.381898454746137039e-01
9.389256807791125370e-01
9.433406917727809038e-01
9.418690213830792635e-01
9.448123620747642670e-01
9.403973509933775121e-01
9.381898455184728425e-01
9.359823399997090343e-01
9.484915378955114384e-01
9.359823399558498958e-01
9.462840323767476303e-01
9.433406917727809038e-01
9.418690213830792635e-01
9.389256806913941489e-01
9.411331862101579571e-01
9.389256807352532874e-01
