2.678440030091294721e-01
3.635025755766124189e-01
4.378219279978010636e-01
5.533480503438060749e-01
6.232523914972063483e-01
6.953642385421736627e-01
7.255334806319454488e-01
7.770419427364341214e-01
7.961736571885278391e-01
8.101545255178910221e-01
8.248712289324571234e-01
8.329654158784502993e-01
8.498896248117802088e-01
8.587196468429761920e-01
8.623988228391601396e-01
8.690213392638739265e-01
8.800588669892704941e-01
8.749080206911031832e-01
8.837380426784400278e-01
8.881530538036860323e-01
9.043414276079538849e-01
8.940397350993377623e-01
9.036055923911734400e-01
9.043414275640946354e-01
9.109639441203860599e-01
9.036055923473141904e-01
9.050772626931566922e-01
9.183222958495986799e-01
9.139072848120710635e-01
9.146431199849923699e-01
9.168506255914745662e-01
9.175864607205366230e-01
9.168506255476153166e-01
9.256806475788114108e-01
9.153789551140544267e-01
9.183222958934579294e-01
9.234731420161883531e-01
9.242089772329687980e-01
9.278881530975751080e-01
9.249448124058901044e-01
9.190581310225199863e-01
9.293598233995584712e-01
9.293598234434177208e-01
9.116997792494481168e-01
9.286239882266372758e-01
9.234731421039067412e-01
9.337748344370860876e-01
9.234731420600476026e-01
9.278881530537159694e-01
9.227373069309855458e-01
9.337748344809453371e-01
9.278881530537159694e-01
9.286239882704964144e-01
9.323031641351027243e-01
9.300956585724797776e-01
9.227373069309855458e-01
9.242089772768280476e-01
9.396615158204562057e-01
9.227373068432671577e-01
9.337748344809453371e-01
9.374540103016923975e-01
9.271523179246539126e-01
9.264164827078734676e-01
9.300956586163389161e-01
9.359823399558498958e-01
9.308314938331194721e-01
9.271523178807946630e-01
9.337748344809453371e-01
9.359823399558498958e-01
9.286239882266372758e-01
9.359823400435682839e-01
9.315673289621815290e-01
9.323031641351027243e-01
9.337748344370860876e-01
9.293598233995584712e-01
9.300956586601981657e-01
9.396615158643154553e-01
9.323031640912435858e-01
9.300956586601981657e-01
9.403973510810959002e-01
9.242089772329687980e-01
9.278881531414343575e-01
9.367181751726303407e-01
9.352465048706469775e-01
9.359823400435682839e-01
9.300956586601981657e-01
9.359823399558498958e-01
9.396615158204562057e-01
9.367181752164895903e-01
9.381898455184728425e-01
9.389256806475348993e-01
9.374540103455516471e-01
9.396615158643154553e-01
9.374540103016923975e-01
9.389256806913941489e-01
9.359823399558498958e-01
9.330389992641647812e-01
9.389256807352532874e-01
9.389256806913941489e-01
9.359823399997090343e-01
