3.546725533699796595e-01
4.554819720601930300e-01
5.165562914126580196e-01
5.798381162838869285e-01
6.151582048253332324e-01
6.718175130964114672e-01
6.799116999108270054e-01
6.938925682840494380e-01
7.100809420444581521e-01
7.152317882549069639e-01
7.358351731844208210e-01
7.277409861945685066e-01
7.424576896968529960e-01
7.542310522881564561e-01
7.623252391902903824e-01
7.615894041928058522e-01
7.637969097554289100e-01
7.674760854445984437e-01
7.755702724783098967e-01
7.792494481236202919e-01
7.866077999405512999e-01
7.836644592927254349e-01
7.902869759367352476e-01
7.866077998966921614e-01
7.969094924930266721e-01
7.947019867988260877e-01
7.917586463702961375e-01
8.020603385280387077e-01
8.042678441783801535e-01
7.969094924053082840e-01
8.153053716844806953e-01
8.153053716406215568e-01
8.211920530678508134e-01
8.130978662095761367e-01
8.108903607785307166e-01
8.167770421180415852e-01
8.072111849139244066e-01
8.160412068135427521e-01
8.182487125077433365e-01
8.197203826781490621e-01
8.160412069012611402e-01
8.241353938033950666e-01
8.175128772471037530e-01
8.072111848262060185e-01
8.241353937156766785e-01
8.248712289763163730e-01
8.197203827658674502e-01
8.189845475052278667e-01
8.233995585866146216e-01
8.211920531994284511e-01
8.160412069012611402e-01
8.226637234136933152e-01
8.241353938033950666e-01
8.292862400138439893e-01
8.307579104035456297e-01
8.314937456203261856e-01
8.233995585427554831e-01
8.285504049286410710e-01
8.285504047532042948e-01
8.189845475929462548e-01
8.300220750551876581e-01
8.256070641492376794e-01
8.233995585427554831e-01
8.351729213094957194e-01
8.278145696680013765e-01
8.329654158345910497e-01
8.337012510075123561e-01
8.300220751867651847e-01
8.337012509636531066e-01
8.270787344512209316e-01
8.285504047970635444e-01
8.226637235452709529e-01
8.351729213972141075e-01
8.388520972179611679e-01
8.388520972179611679e-01
8.373804269598370542e-01
8.366445916991974707e-01
8.256070641492376794e-01
8.307579103158272416e-01
8.381162620888991110e-01
8.337012510075123561e-01
8.300220750990467966e-01
8.270787344950801812e-01
8.138337013824973321e-01
8.373804269598370542e-01
8.219278882846312584e-01
8.278145697118606261e-01
8.307579103596864911e-01
8.329654158784502993e-01
8.359087565262761643e-01
8.388520971741020293e-01
8.300220750990467966e-01
8.226637234575525648e-01
8.300220751429060462e-01
8.278145696241422380e-01
8.314937454448894094e-01
8.307579102719681030e-01
8.366445916991974707e-01
8.329654159223094378e-01
8.381162620450399725e-01
